X=[1,2,3,5,10,20,30,40,50]
Y=[0.6,0.65,0.7,0.8,0.93,1.05,1.2,1.3,1.35]
%用power或次方都不错
% power：V=0.56I^0.2233;